t0=-344.33749441219919162904261611402035
t1=0.89724035854871664330545399934635
a=0.1
f(x)=t0+t1*x
plot f(x), 'plot.dat' using 1:2